1
1 17842
23523 34277
35219 131043
131986 211270
212213 488229
493638 522901
528570 700897
701836 704329
705577 831025
843508 1067299
1068239 1196981
1197926 1272651
1273650 1470217
1471156 1559379
1560011 1698739
1701069 1739368
1740305 1932675
1933805 1948678
1949620 1996957
2000683 2056606
2057784 2267761
2268701 2519868
2520816 2815157
2827006 2847830
2848774 2849660
2850600 3174198
3175251 3384610
3390249 3780687
3781573 3838649
3850499 3882366
3888001 4059855
4061023 4142794
4143961 4159435
4160558 4183086
4184711 4190690
4192393 4297393
