1
1 21080
21869 57719
62531 237993
240961 262610
264079 297893
299363 387773
389235 526749
528216 668133
669142 733386
738570 816147
820682 1054980
1056437 1239350
1240818 1454069
1455403 1699686
1700295 2120961
2122423 2915764
2918740 2920496
2921226 2927151
2928879 2945966
2946489 2947044
2947718 2974722
2976190 3039165
3040700 3182500
3183526 3267987
3269458 3555567
3556804 3624268
3625789 4157609
4159067 4163066
4164686 4251192
4251908 4718106
4719062 4725061
4726162 4884016
4885071 5076338
5083545 5125842
5126381 5127698
5128471 5282745
5284210 5457648
5458373 5572912
5574628 5645471
5647164 5649124
5654752 5757402
5758629 5864952
5866409 6654766
